0.001                                                             !dt (paso temporal)
0.1                                                               !dt_im (paso temporal para imprimir resultado)
10                                                               !t (tiempo de la simulación)
400
1.000000 -0.194559 0.673174 -0.127717 2.523894 2.924835 2.190670
1.000000 -0.037602 0.065559 1.307597 2.092173 2.546858 1.838972
1.000000 -0.101499 0.153514 -0.132017 1.679666 1.966147 1.738889
1.000000 -0.182891 1.571123 -1.816863 1.186868 2.226777 1.223574
1.000000 0.036332 0.196486 2.078093 2.982848 2.698506 1.364806
1.000000 -0.547708 0.763782 0.011929 2.349494 1.536120 1.650478
1.000000 -0.154133 0.111691 -1.476646 1.999322 2.046366 1.251734
1.000000 -1.196418 2.628019 0.598720 1.177433 1.488385 1.704859
1.000000 -0.019917 0.003654 0.048205 1.966533 2.113475 1.820169
1.000000 1.176044 0.438013 0.808543 2.399293 2.196654 2.101099
1.000000 -0.044408 0.284158 1.621065 2.139989 2.136633 2.212184
1.000000 0.694024 0.684117 1.287096 2.674050 2.559494 1.654495
1.000000 0.385950 0.489007 -2.401366 2.555538 2.577742 2.979743
1.000000 -1.010571 0.720647 -2.247061 1.838826 2.432866 1.400010
1.000000 -1.124958 0.018964 1.509283 1.157712 2.290646 1.441870
1.000000 0.462903 0.046125 0.094297 2.261305 2.292417 2.620291
1.000000 -0.696118 0.953223 1.149588 1.433990 2.752417 1.275468
1.000000 -0.300566 0.123425 -0.385736 2.788347 2.134881 2.651805
1.000000 -1.582659 0.900346 -0.411639 2.909712 1.633763 1.532692
1.000000 1.895638 0.189567 0.583261 2.902978 2.921809 1.679865
1.000000 -1.325161 0.766179 0.203014 2.532060 2.454430 1.187994
1.000000 -0.002632 0.005327 -0.001043 1.929899 2.269209 1.428754
1.000000 -0.063499 0.382762 -0.462321 1.697970 2.074762 1.243303
1.000000 0.829228 0.773070 2.125557 1.534402 1.758464 1.387399
1.000000 -1.279728 0.963626 1.379046 2.311505 2.754114 2.183655
1.000000 -1.216441 0.185478 -2.141455 1.330506 2.634510 2.824948
1.000000 1.604300 1.146004 -2.152084 1.484441 2.430221 1.088065
1.000000 0.042199 0.137474 0.010598 1.947352 2.687368 1.928005
1.000000 -0.757137 0.233065 2.543235 2.223938 2.891983 2.714326
1.000000 0.033446 0.047679 0.195432 2.832360 1.391824 2.255173
1.000000 0.001387 0.007826 -0.680774 1.827681 2.785712 1.448599
1.000000 0.817773 0.544175 0.861025 2.338588 2.413218 2.925597
1.000000 -0.900378 1.122750 1.153135 1.861133 1.602057 1.096699
1.000000 -0.104781 0.030344 0.196620 2.933657 1.165354 1.869263
1.000000 -1.410819 0.353043 1.907937 2.595450 2.082235 1.932562
1.000000 0.731970 0.144661 0.914387 1.871349 2.484350 2.148632
1.000000 0.016263 0.011060 -0.327862 2.185758 2.240901 2.560528
1.000000 -2.432651 1.450764 -0.078739 2.197154 2.831525 1.520532
1.000000 2.206394 0.535437 -0.350171 1.126113 1.530106 2.282248
1.000000 1.968929 1.894144 -1.104363 2.560095 2.948057 1.889942
1.000000 0.144542 0.078039 -0.056117 1.028382 2.933097 2.343280
1.000000 2.103763 0.656976 -1.947103 1.910259 2.281402 2.314292
1.000000 -0.927734 0.069071 0.737084 1.266546 2.590196 1.608839
1.000000 -0.593325 1.134896 -0.007832 2.874678 2.802432 2.851888
1.000000 -0.001196 0.014372 0.112506 2.096220 1.101894 1.997497
1.000000 2.278194 0.983949 -0.069935 1.992963 1.576986 1.504264
1.000000 0.275852 0.057073 -2.116140 2.969005 1.893502 1.557952
1.000000 0.331743 0.213381 -0.974724 1.705420 2.192635 2.443097
1.000000 -1.471542 0.122060 1.787985 2.412534 2.238665 2.026736
1.000000 0.267134 0.226997 2.573271 1.607983 1.594056 2.836713
1.000000 -0.837698 0.807909 0.562774 1.028066 1.025291 1.237824
1.000000 -0.293490 0.317407 0.543392 1.878765 2.064347 2.140246
1.000000 -0.660546 0.166018 -2.601451 2.677685 2.520003 2.627167
1.000000 0.181637 0.032952 -0.013113 2.748030 1.132953 2.206919
1.000000 -0.476071 0.159137 0.722981 2.528091 1.441851 1.945334
1.000000 0.049001 0.692219 1.587805 2.847414 2.606530 1.251639
1.000000 2.137110 0.301972 0.035614 1.097626 1.169575 2.353122
1.000000 0.043839 0.402332 -1.420000 1.261168 1.213203 1.102957
1.000000 0.199863 0.739021 -0.564912 2.168815 2.290748 1.067701
1.000000 -0.972557 0.891829 1.797023 1.274554 2.492687 1.096874
1.000000 -0.890511 1.281361 -0.097113 2.449605 2.866890 1.816496
1.000000 0.875287 0.027613 0.455303 1.189778 1.912594 1.183407
1.000000 0.017217 0.004827 0.306015 2.788051 2.031967 2.267909
1.000000 -0.059696 0.024947 -0.276411 2.550292 1.989268 2.343186
1.000000 -1.042410 0.812719 -0.974552 1.419527 2.658643 2.233198
1.000000 0.205139 0.074456 0.303434 1.877375 2.850874 2.419411
1.000000 1.223154 0.936538 2.178176 1.809565 1.144237 1.433163
1.000000 1.213550 1.140895 0.279527 2.337734 1.997041 2.146792
1.000000 0.003779 0.003863 0.009155 1.983336 2.276858 2.952424
1.000000 0.078085 0.030458 0.158835 1.346952 2.646042 1.188696
1.000000 0.224482 0.129853 -1.756470 2.326491 2.068874 1.431287
1.000000 -0.566858 0.075289 -0.005286 1.113463 2.100825 2.522584
1.000000 0.365999 0.345987 -0.450058 1.277651 1.209628 1.320926
1.000000 -0.102013 1.069437 -2.291912 1.118477 1.382307 2.507201
1.000000 0.281580 0.773879 -0.241336 1.340964 1.728720 2.947164
1.000000 -0.313685 0.551769 1.007623 2.204931 2.527286 2.091788
1.000000 0.481440 0.530351 0.106864 1.695471 2.434770 2.888822
1.000000 0.053394 0.054147 -0.023913 2.054866 1.208832 2.366136
1.000000 0.086584 0.173383 -0.014714 1.875553 2.713294 1.005290
1.000000 0.498792 0.158071 -1.336516 2.469462 1.920824 1.970245
1.000000 -1.473379 1.242187 2.205820 2.410732 1.899281 1.476532
1.000000 0.425950 1.495114 -2.009080 1.691645 1.688290 2.813192
1.000000 -0.247037 0.578696 0.869037 2.051730 2.895825 1.609618
1.000000 0.085948 0.200022 -2.128839 1.378691 1.421424 1.634192
1.000000 0.038291 0.242023 1.647912 1.446499 1.808401 1.123322
1.000000 -0.557804 0.440685 0.896217 1.522528 2.958883 2.743701
1.000000 -0.046551 0.071358 -2.555561 2.591539 1.483712 1.865197
1.000000 0.051675 0.118576 -0.687424 2.848056 2.916536 1.546598
1.000000 0.513746 0.364912 -2.613909 1.488255 1.250464 1.760887
1.000000 1.016612 0.374332 1.283713 2.701373 2.165002 2.822305
1.000000 0.121127 0.119196 2.230927 1.884153 2.545300 1.126542
1.000000 1.736719 0.145072 1.247790 1.473494 2.670546 2.566126
1.000000 0.953736 0.746922 1.832107 1.863296 1.287649 2.299128
1.000000 0.266329 0.761547 -0.207496 1.101831 2.426810 2.570135
1.000000 -0.976254 0.710500 -0.288007 1.084358 2.122024 1.707381
1.000000 0.514565 0.056301 0.635640 2.391013 1.615281 2.225626
1.000000 -1.445605 0.637715 0.762793 1.445861 1.548988 2.572005
1.000000 -0.317391 0.099882 -0.619779 2.705517 2.249557 1.440721
1.000000 -0.273660 0.431204 0.214332 1.192184 1.893846 2.148123
1.000000 -0.880319 1.395256 -1.383082 1.304288 2.075958 1.410548
1.000000 -0.445976 0.666726 -0.454521 2.976887 2.674416 2.504976
1.000000 0.028386 0.623134 -0.242865 2.513899 2.456955 1.225236
1.000000 -0.012335 0.503740 -0.341512 1.017226 1.935234 1.871705
1.000000 -0.461416 0.039347 0.259339 2.267154 1.447611 2.723014
1.000000 -0.061616 0.001661 -0.014670 2.958801 2.831221 2.788291
1.000000 0.096747 0.130526 0.940257 1.470008 2.299516 1.708305
1.000000 0.104090 0.088044 0.262276 2.865571 1.666058 2.752932
1.000000 -0.004019 0.096444 0.117706 2.315831 1.240943 2.774073
1.000000 0.357383 0.072696 0.131393 2.097927 2.844042 2.711782
1.000000 0.008680 0.044890 -0.057192 1.256725 1.245040 2.382025
1.000000 -0.022736 0.015996 0.691806 2.046695 1.266858 2.162187
1.000000 -0.241070 0.253274 -0.368068 1.216698 1.703453 2.145714
1.000000 -0.110352 0.152360 -0.411156 1.550531 2.652001 1.047967
1.000000 0.047486 0.621670 0.606277 1.433520 2.213420 2.787740
1.000000 0.050936 0.796061 0.080748 2.944448 1.149247 1.543067
1.000000 -0.525823 0.475555 0.021322 2.633038 1.309533 1.544237
1.000000 -0.058546 0.014218 -0.038127 1.191844 2.993089 1.370788
1.000000 -0.012081 0.631089 0.655219 2.903427 1.383934 2.337235
1.000000 0.073795 0.026656 -0.784270 2.187565 2.400238 2.307259
1.000000 -0.244465 0.145297 -0.126362 1.284159 1.465040 1.798399
1.000000 -0.086273 0.091044 -0.034477 1.353952 1.838875 2.648288
1.000000 -0.214779 0.470709 -0.789951 1.542281 1.368407 1.343808
1.000000 0.625885 0.204973 -0.308822 2.281330 2.714605 1.574910
1.000000 0.389245 0.245007 0.286748 1.173959 1.216962 1.122313
1.000000 -0.538228 0.222600 -0.217416 1.384465 2.707467 1.783058
1.000000 0.002493 0.048397 -0.235423 2.078722 1.084313 1.836393
1.000000 0.056096 0.006731 0.204257 1.509959 1.336591 1.367487
1.000000 -0.213266 0.410732 0.106061 1.713873 2.272326 2.832131
1.000000 0.348020 0.378978 0.406472 2.644724 1.432240 1.601092
1.000000 -0.020204 0.072140 -0.130741 2.558112 2.482271 1.297496
1.000000 0.059313 0.058602 0.923840 1.416325 1.629768 2.895410
1.000000 -0.093786 0.258379 -0.159203 2.498325 2.999830 1.104998
1.000000 0.126659 0.511836 -0.361590 1.584717 1.970317 2.344354
1.000000 0.016448 0.016892 -0.732395 1.110175 1.819331 1.066274
1.000000 0.027526 0.062542 0.049244 1.838903 2.744252 2.663680
1.000000 -0.201837 0.154448 0.811041 1.008738 1.071484 2.394653
1.000000 0.322485 0.475411 -0.249056 2.493208 2.503567 1.765139
1.000000 -0.073160 0.051706 0.142646 2.936237 1.480929 2.621234
1.000000 0.248445 0.224007 0.064116 2.367797 2.904886 2.849730
1.000000 -0.691780 0.132551 -0.189820 2.612352 1.510184 2.735033
1.000000 0.040664 0.017819 -0.205677 2.810465 2.418628 1.508337
1.000000 0.378144 0.532544 -0.322238 1.186339 2.040854 2.440766
1.000000 -0.008592 0.013836 -0.056257 1.083650 2.845997 1.798858
1.000000 -0.019981 0.053298 0.777427 2.131200 2.561911 1.900118
1.000000 0.021587 0.025511 -0.800722 2.775991 1.128084 1.177776
1.000000 0.176160 0.543678 0.518909 1.306051 1.997639 2.881560
1.000000 -0.298643 0.159134 -0.069525 2.697263 2.610087 2.736603
1.000000 -0.554782 0.022477 0.738522 2.229068 1.767778 2.758940
1.000000 -0.258777 0.571235 -0.034900 2.429655 2.426365 2.973843
1.000000 -0.003942 0.017738 -0.030807 1.816155 2.301422 2.277371
1.000000 -0.015976 0.251635 0.575233 1.012695 2.803935 1.961438
1.000000 0.002931 0.001272 0.909840 2.599888 2.660872 2.681530
1.000000 -0.144571 0.204871 0.307274 2.890737 1.986002 2.235422
1.000000 -0.200778 0.021678 -0.675240 2.429008 1.412610 1.544548
1.000000 0.025340 0.073429 -0.559245 2.173193 2.541504 1.943257
1.000000 -0.216928 0.115300 -0.319057 1.344976 2.369836 2.954238
1.000000 0.372099 0.691425 -0.163485 2.111593 1.551276 2.282379
1.000000 0.061708 0.015106 -0.122640 2.638030 1.525726 1.873955
1.000000 0.555124 0.742411 0.366577 2.643965 2.441011 2.508860
1.000000 0.081517 0.051277 0.065757 1.048947 2.719601 2.587395
1.000000 -0.205850 0.147525 0.112314 2.317831 2.319008 1.406559
1.000000 0.165465 0.288051 0.241544 2.415162 1.067534 1.413770
1.000000 -0.460945 0.011766 -0.433894 1.783249 2.940465 2.578215
1.000000 0.060179 0.135243 -0.534373 2.791712 2.222467 2.737002
1.000000 -0.020723 0.363473 -0.304598 2.448838 1.294693 2.455614
1.000000 0.104821 0.130787 0.150252 1.782842 1.269715 2.224625
1.000000 0.352771 0.486214 -0.721125 1.071680 1.013823 2.371185
1.000000 -0.034587 0.028761 0.266259 2.438500 1.106826 1.669241
1.000000 0.003645 0.404711 0.323823 1.378994 2.319368 1.079972
1.000000 -0.136698 0.193248 0.037420 2.443000 2.888386 2.753021
1.000000 -0.014277 0.052982 -0.059832 2.505664 2.405406 2.432997
1.000000 -0.253114 0.062357 0.084511 2.267553 1.453412 1.816120
1.000000 0.156152 0.071542 -0.137947 1.730004 2.480602 2.665392
1.000000 0.000515 0.046836 -0.003880 1.818374 2.091378 2.468440
1.000000 -0.230126 0.169109 -0.774688 1.298902 1.309442 1.282389
1.000000 0.365609 0.727312 0.480969 2.235043 2.787930 2.799819
1.000000 0.586730 0.057405 0.551125 1.795129 2.050326 1.700660
1.000000 -0.314371 0.450817 -0.339306 2.400708 2.573187 2.316018
1.000000 0.076702 0.434561 0.825557 1.206208 2.231899 1.400888
1.000000 0.149657 0.400844 -0.784265 2.822405 2.508414 1.429246
1.000000 0.626050 0.511389 0.333204 2.920735 1.710099 2.024376
1.000000 0.028200 0.224421 -0.417092 1.060873 2.206189 1.767014
1.000000 -0.003044 0.001149 0.050610 2.614904 2.410026 1.116603
1.000000 -0.263876 0.169030 0.030072 1.336608 1.141482 1.584042
1.000000 0.117638 0.016975 0.865347 2.924292 2.708161 1.846155
1.000000 -0.085973 0.514869 -0.303867 1.097651 2.738650 1.911168
1.000000 -0.010955 0.073430 -0.409241 2.358370 1.581985 2.970194
1.000000 -0.087962 0.064904 0.089338 1.975572 1.906067 2.707665
1.000000 0.365138 0.363299 0.088363 2.190930 2.693563 2.306634
1.000000 -0.057147 0.051724 -0.466639 2.626258 1.095403 2.319472
1.000000 -0.110132 0.175521 -0.681042 1.626099 2.345298 1.804342
1.000000 -0.046349 0.486737 -0.559748 2.413299 1.629158 1.030464
1.000000 0.178571 0.564230 -0.567479 1.798480 2.748835 1.756165
1.000000 0.089390 0.275690 -0.271972 2.630482 1.796480 1.923432
1.000000 -0.551584 0.433001 -0.230875 1.498813 2.699177 2.783620
1.000000 0.236095 0.494521 -0.692617 1.957961 1.498292 2.487233
1.000000 -0.049544 0.255953 -0.253800 2.686619 2.307791 1.166146
1.000000 0.350128 0.293953 0.001533 2.531905 1.103208 1.651258
1.000000 0.281332 0.299723 -0.880489 1.840768 1.054110 1.366403
1.000000 0.006234 0.412964 -0.624697 1.527860 1.698412 2.862969
1.000000 0.174448 10.245999 -0.810904 2.316399 1.630266 2.710761
1.000000 0.144731 10.093243 -0.176316 2.731938 1.722901 2.231126
1.000000 -0.370292 10.237190 -1.566687 2.283726 2.081259 2.097798
1.000000 -0.483157 10.277564 -1.064342 1.281902 1.222250 1.160160
1.000000 0.261501 10.035802 0.022456 2.144271 2.466075 1.046115
1.000000 0.495485 10.072575 -1.167116 2.007692 2.903452 1.054584
1.000000 2.378086 10.918321 -0.724211 1.992807 1.214985 2.685409
1.000000 -0.650871 10.649027 -2.834442 1.038267 2.660677 2.967262
1.000000 -0.988390 10.548240 -1.592428 2.279314 1.818529 2.235500
1.000000 1.211596 10.700914 -2.184533 2.222238 1.110091 1.723590
1.000000 -0.027339 10.175027 -0.945444 2.117560 2.878638 1.445198
1.000000 1.757648 10.242475 -1.705245 2.234712 1.692522 1.279751
1.000000 1.573398 10.934973 -0.418422 1.272288 2.888679 2.822527
1.000000 -1.434228 11.493581 -0.529364 2.684426 1.748452 1.652016
1.000000 -0.631937 10.168938 -0.220057 2.328500 2.481892 1.808316
1.000000 -0.131182 10.178717 -0.004301 2.407141 1.270660 2.653353
1.000000 -0.212856 10.302781 -0.118587 2.820900 2.210353 2.723251
1.000000 -0.225210 10.087369 -2.786766 2.118520 2.277458 2.286298
1.000000 -0.292823 11.436261 0.239203 2.967593 1.162687 1.441481
1.000000 0.529364 10.036865 -0.597774 1.165118 1.061604 1.570726
1.000000 1.969041 10.606504 0.165771 1.142414 2.861483 2.370844
1.000000 -0.218037 10.179332 -2.303364 2.674560 1.521800 2.323832
1.000000 -0.049963 11.086034 -0.688001 2.373258 2.177989 2.499435
1.000000 -2.237463 10.917270 0.928467 1.455511 2.967033 2.258510
1.000000 0.448496 10.915508 -0.042960 2.081356 1.172297 2.669871
1.000000 -0.549687 10.384433 -0.672089 1.110680 1.336557 2.394483
1.000000 0.135777 10.230244 -2.405039 2.705079 1.456852 2.722856
1.000000 -0.129195 10.040098 2.340801 1.722178 2.322993 2.249413
1.000000 -0.040472 10.210120 -1.576069 1.415603 2.812691 1.298177
1.000000 -0.541983 11.907818 -1.034937 2.526467 2.229816 1.959272
1.000000 1.655065 10.558477 1.232136 2.494873 1.164312 1.333825
1.000000 0.921257 10.421296 0.542032 1.852799 1.146990 1.870531
1.000000 -0.165430 11.224500 0.900756 1.234067 2.688648 1.446529
1.000000 -0.087717 10.197319 0.361532 1.969163 1.982239 1.493618
1.000000 -0.188624 10.346590 -0.123000 2.819393 2.479989 2.648810
1.000000 0.214478 10.015377 -0.323573 1.554446 2.209827 1.847870
1.000000 1.760291 11.023413 -0.501208 1.686152 1.362882 2.299349
1.000000 -0.383129 10.515690 -1.746125 1.298820 1.280437 1.940943
1.000000 -0.715365 10.439194 -0.851809 1.547210 1.261440 1.236728
1.000000 -1.109683 11.054922 1.335958 1.982183 2.809411 2.364386
1.000000 1.141365 10.072598 1.338971 2.162916 2.128488 2.853986
1.000000 -0.199242 10.116739 0.360654 1.575234 2.371117 2.919668
1.000000 0.029499 10.019583 0.259077 1.036454 2.881516 2.170204
1.000000 -0.505413 10.216861 0.175499 1.763482 1.553062 2.284012
1.000000 0.475554 10.399494 0.541460 1.840105 1.624241 2.022780
1.000000 2.947688 10.285261 -0.196015 2.290263 1.651467 2.509917
1.000000 -1.252146 10.903730 -1.685088 2.442854 1.190586 2.331775
1.000000 0.602345 10.938473 0.359095 2.683786 2.483830 2.273233
1.000000 -0.314536 10.288984 0.673488 1.159962 2.441792 2.899063
1.000000 0.149134 11.724687 -0.206736 2.087952 1.981923 2.690152
1.000000 1.203824 10.090147 -1.626193 2.100707 1.958860 1.209288
1.000000 -0.511548 10.321060 -2.083330 1.608263 2.198742 2.017906
1.000000 -0.172027 11.870379 -1.754659 2.359799 2.676838 2.089846
1.000000 -1.135000 12.126947 -0.927025 1.337241 1.182769 1.599867
1.000000 0.366621 10.433073 2.258877 1.969377 1.083379 2.895853
1.000000 -0.991930 10.274039 2.346938 1.981464 1.173638 2.597558
1.000000 0.087770 10.042828 1.297780 2.353363 2.997651 2.350481
1.000000 -1.022366 10.185298 -1.343061 1.436447 2.788340 2.509857
1.000000 -0.558395 12.378458 -0.474120 2.703391 2.897615 1.472546
1.000000 -0.528822 11.294352 -0.297465 2.567994 2.952426 1.686310
1.000000 0.546041 10.498440 -0.599863 2.095948 1.870299 1.716272
1.000000 0.461963 11.500890 -1.587907 2.111285 2.125706 2.802733
1.000000 0.319734 10.008181 -2.624249 2.133661 1.166977 1.901573
1.000000 -0.889980 10.572336 1.172078 1.723195 1.972387 1.649130
1.000000 -0.349924 10.121461 0.217739 1.971485 2.940820 2.841709
1.000000 -0.331539 10.134182 1.403509 1.479252 2.332703 1.042212
1.000000 0.020080 10.003141 -0.023324 1.524732 1.292498 1.473083
1.000000 1.215063 11.106044 2.008226 1.007859 1.972970 1.470716
1.000000 -0.027032 10.127472 -0.743572 1.723687 2.715195 2.849332
1.000000 1.327193 11.595436 0.904415 2.811577 1.673693 1.413387
1.000000 -0.084148 10.060309 -0.074487 2.571302 2.198155 1.579541
1.000000 -1.276634 10.098409 -1.940616 1.797322 2.679651 2.266014
1.000000 0.467440 10.082089 -2.919304 2.814631 1.633069 1.285605
1.000000 -1.348454 10.302848 -0.165824 1.844601 2.420444 1.874860
1.000000 -0.906181 10.703748 -0.697127 1.691854 2.424962 1.748936
1.000000 1.316851 10.102049 -0.119485 1.828909 1.824265 2.316887
1.000000 -0.081286 11.357552 -0.822047 1.438384 2.043157 2.781789
1.000000 0.213574 10.055297 -0.285784 1.493513 2.965346 2.944919
1.000000 -0.188183 10.301952 0.351095 2.414129 1.048574 1.173509
1.000000 -2.266360 11.225884 0.555648 1.983934 1.717684 2.142423
1.000000 0.946295 11.863531 -1.646498 2.789177 2.360802 1.262482
1.000000 -0.388780 11.755376 -1.537179 1.993252 2.190006 2.216204
1.000000 1.148264 11.208025 -1.519241 1.096453 2.236665 1.239241
1.000000 -0.187939 10.095862 0.326282 1.864058 2.022125 2.330334
1.000000 0.442258 10.134786 0.266575 2.299299 1.868564 2.456657
1.000000 1.314568 11.085304 2.341548 2.907381 2.190537 2.203535
1.000000 -0.400087 10.322130 0.397351 2.030776 1.130102 1.542413
1.000000 0.383387 10.353275 -0.180406 1.732452 2.135180 2.629393
1.000000 1.687496 10.114612 -1.189215 1.324444 2.313648 1.710731
1.000000 0.094779 10.032924 0.262336 1.462301 2.426495 2.660119
1.000000 -0.317440 10.339292 -1.204353 1.421220 2.321786 1.686325
1.000000 -0.699991 11.253357 0.202755 1.796182 2.198555 2.131533
1.000000 0.440775 10.579601 -2.833217 1.369164 2.781344 1.964679
1.000000 -0.327302 10.230061 -2.856628 1.814360 1.458827 1.076006
1.000000 -1.134804 10.966626 -1.297819 2.094093 2.564103 1.598394
1.000000 -0.976805 11.505973 1.627211 2.066751 1.486016 2.823430
1.000000 0.226598 10.101863 -0.986836 2.719201 1.760966 2.848177
1.000000 1.863858 10.778107 -2.036413 2.006673 1.296382 1.646582
1.000000 0.025363 10.075398 2.718069 1.347172 1.137772 2.459344
1.000000 0.798786 10.151337 -0.581152 1.167425 1.926489 2.770742
1.000000 0.191375 10.429890 -0.159568 2.004901 1.918861 2.421996
1.000000 0.934133 10.016385 -2.107344 1.229912 2.630200 2.048867
1.000000 -0.322565 10.299729 -1.182586 1.571584 2.724933 1.309313
1.000000 -0.316758 10.134830 -0.394679 2.836883 2.362389 1.284608
1.000000 -0.062446 10.642922 -0.044159 1.573689 2.701618 1.359632
1.000000 -0.006104 10.040148 1.727297 1.114094 1.255232 2.261489
1.000000 0.013207 10.018961 0.170441 1.544324 1.774308 1.465017
1.000000 -0.239645 10.108678 -1.015906 2.700218 2.512791 2.303125
1.000000 -0.611788 10.049187 -2.596298 2.347935 1.565026 2.298461
1.000000 -0.789146 10.301945 -0.093840 1.469627 1.498072 2.510579
1.000000 0.061304 10.674079 2.291623 1.231631 2.112310 1.524990
1.000000 -0.080364 10.159523 1.193290 1.585578 1.191845 2.729611
1.000000 0.045261 10.246869 -0.054798 1.924825 2.650374 1.855429
1.000000 0.870052 11.520007 1.318148 2.251838 2.361886 1.561957
1.000000 -0.000796 10.007042 0.079249 1.851497 1.787589 2.023982
1.000000 -0.281633 11.364874 2.467680 1.417063 1.761935 2.787800
1.000000 -0.162069 10.936132 2.081526 1.126533 2.419471 2.448775
1.000000 0.175874 11.529586 0.739208 1.975621 1.295770 1.207981
1.000000 2.713507 11.054647 -0.095810 2.293238 1.754524 1.060822
1.000000 -1.335226 10.149132 -0.953278 1.686773 1.687907 2.714636
1.000000 0.130168 10.002495 -1.185266 2.628900 2.564299 1.771101
1.000000 -0.018990 10.260539 -2.060435 1.458036 2.766765 2.328954
1.000000 -1.269584 11.586669 0.598543 2.272277 2.156465 2.320229
1.000000 -0.966754 10.626367 -0.793681 1.040210 2.683053 2.865632
1.000000 1.279415 12.415989 -0.752407 2.006176 2.139187 1.700776
1.000000 0.331535 10.056418 -0.478155 2.644333 2.773973 1.113370
1.000000 -0.331397 10.035349 2.813656 2.051481 1.437663 2.095017
1.000000 -0.285998 11.263921 2.486818 2.964469 2.412240 1.305526
1.000000 -2.320255 10.323897 -0.363424 1.464073 1.518713 2.787727
1.000000 -2.242477 11.097668 1.652636 2.260634 2.999595 2.044558
1.000000 -0.885307 10.714964 -1.600516 2.494967 2.154081 2.221405
1.000000 -0.533988 10.560214 -0.600492 2.595196 2.952046 1.517790
1.000000 -0.154311 10.406726 -0.211223 2.393965 1.449038 2.282614
1.000000 0.452640 10.434729 -0.532921 2.969109 2.757304 1.902330
1.000000 0.151865 10.279792 1.995580 2.905156 1.934032 2.988251
1.000000 0.321732 11.725838 1.548026 1.632897 2.606090 2.982700
1.000000 -0.004667 10.186750 -0.078483 2.955542 1.696094 1.510209
1.000000 2.246959 10.928407 -0.881978 1.985191 2.387091 1.935833
1.000000 0.012569 11.432310 -0.459912 2.962253 2.765578 1.724777
1.000000 -1.566221 10.072314 2.434430 1.043916 2.521476 2.799053
1.000000 1.258058 12.594268 0.034343 2.304792 2.145140 2.228501
1.000000 0.306393 10.887297 0.921860 1.851461 2.814774 2.861213
1.000000 -1.135887 10.492024 1.364016 2.135597 1.002898 1.599341
1.000000 0.596879 10.982275 0.873855 2.770267 2.903952 2.518169
1.000000 0.855293 11.190950 1.000164 1.211754 2.349493 1.656666
1.000000 0.223087 10.508309 2.492582 2.727165 2.501812 1.285375
1.000000 -0.200436 10.142497 -2.453867 1.729680 1.980406 2.830296
1.000000 0.037939 10.035958 -0.841123 1.463181 2.760746 1.964300
1.000000 -1.113402 10.368420 -0.120862 1.707552 2.638079 2.136573
1.000000 -1.789389 10.833074 0.750084 2.170456 2.832770 2.760524
1.000000 0.020647 10.400044 1.887771 1.940721 1.796891 1.334936
1.000000 0.028236 10.012047 -1.430400 2.159961 1.006889 1.219481
1.000000 0.614629 10.242722 -1.303232 2.795699 2.272797 1.622204
1.000000 0.042066 10.022815 0.005579 1.530133 2.281162 1.922063
1.000000 -0.173474 10.094169 -0.418269 2.563581 1.090037 2.191180
1.000000 -0.510500 10.622661 -0.591373 2.598969 1.665624 2.289889
1.000000 -0.108647 10.560467 1.515597 1.838146 2.505376 2.062804
1.000000 0.374924 10.065090 0.143093 1.100527 1.531373 1.623560
1.000000 0.836696 10.261752 -0.105717 2.975805 2.197856 2.892258
1.000000 -0.291007 10.190343 -0.779072 2.200277 2.709828 2.476887
1.000000 0.818231 10.553695 2.389504 2.706553 2.476476 1.689948
1.000000 -1.435638 10.335614 0.570984 1.069132 2.985077 2.663913
1.000000 -0.504172 11.816474 0.394443 1.516730 1.300612 1.258126
1.000000 0.747524 10.007851 1.940288 1.323096 1.003897 1.621411
1.000000 0.321613 11.623227 -0.711380 1.011450 2.989232 1.340643
1.000000 -0.199830 10.057370 -1.225927 1.179596 1.883971 2.415291
1.000000 0.697668 10.293998 0.189535 2.115229 1.292513 1.145815
1.000000 0.323397 10.577026 1.245784 2.741810 1.104647 1.653002
1.000000 1.738593 10.303058 -1.030901 2.947203 1.289466 1.149432
1.000000 0.536069 10.737454 -0.384659 1.282420 1.009483 2.313619
1.000000 -0.233364 12.175794 1.432135 1.519260 1.067369 2.304624
1.000000 -0.865503 10.035069 0.749533 2.496153 2.888173 2.634634
1.000000 -1.001313 10.070822 0.416166 1.207825 1.100235 1.947199
1.000000 -0.070670 10.209450 1.862895 2.496172 2.148397 1.086390
1.000000 0.806476 10.526398 -1.470444 1.126067 2.059567 2.781661
1.000000 -1.639973 10.976154 -1.728245 2.124154 2.274886 1.395953
1.000000 0.142607 11.104728 2.397511 1.818736 1.076699 1.225976
1.000000 -0.992771 11.057403 0.603652 1.467884 1.709283 2.606310
1.000000 0.640879 10.090152 0.638163 1.099496 1.967562 2.977191
1.000000 0.008155 10.817064 -0.725221 2.068485 1.744827 1.220741
1.000000 -0.332147 11.504662 -2.316375 1.420379 2.220712 2.229734
1.000000 -0.175597 10.065593 1.792884 2.883260 2.040620 2.783017
1.000000 -0.005371 10.009650 -0.151375 1.254816 1.388626 1.417567
1.000000 0.506050 10.874405 1.907327 2.351995 2.972392 1.226208
1.000000 -0.344185 11.140327 -0.060507 1.471630 1.418809 1.953175
1.000000 -1.141452 10.062142 -1.964622 1.799732 1.398618 2.084243
1.000000 0.107513 10.536517 0.077279 2.980206 2.116285 2.890746
1.000000 0.029886 10.016124 0.149818 2.264732 1.046987 2.205917
1.000000 0.902882 10.615802 0.108058 1.148758 1.058892 1.309420
1.000000 0.193408 10.343611 0.456026 1.234141 2.738027 1.211848
1.000000 0.294563 12.595088 0.668254 2.760289 1.442996 1.229376
1.000000 -0.797632 12.065583 1.670536 1.957330 2.106380 2.864446
1.000000 -0.803294 12.330422 0.364962 2.794139 1.379146 2.711888
1.000000 0.162861 10.095607 0.001936 1.420534 1.842442 2.287487
1.000000 -0.027392 10.007605 -2.520205 1.990395 2.587226 2.268108
1.000000 -0.052075 10.504338 -0.005779 2.840875 2.982022 1.781321
1.000000 0.184797 12.737919 -0.400581 2.995523 1.188182 2.422681
1.000000 0.068475 10.603159 -0.577381 2.742082 2.745645 1.608528
1.000000 1.381373 10.103047 0.086631 2.526071 2.810469 2.356422
1.000000 -1.003809 10.096550 -1.130090 1.353705 1.574547 1.852582
