10000
485
664
58
684
932
205
748
323
170
895
731
973
547
120
667
655
888
317
850
160
515
177
388
211
500
632
89
961
491
227
342
489
951
59
54
573
560
581
558
852
915
791
957
4
7
626
387
992
563
597
844
997
939
85
856
815
646
755
298
698
487
650
778
808
972
550
983
850
3
517
391
878
535
983
163
247
139
711
558
386
203
179
685
350
331
811
104
982
743
283
660
661
932
75
919
178
525
464
824
920
694
486
929
798
873
277
11
722
567
979
808
319
233
727
446
306
650
334
884
772
116
870
228
891
720
209
898
236
6
792
583
255
790
0
57
28
448
289
808
109
27
951
219
770
920
422
92
462
666
833
43
941
140
580
62
509
661
789
40
419
830
736
720
313
300
834
55
977
649
246
496
454
83
247
801
512
374
700
301
543
247
592
122
443
507
642
913
334
131
842
395
745
110
621
769
498
697
166
329
769
484
963
874
973
726
608
889
752
787
261
217
608
553
237
710
405
854
221
864
671
18
460
23
762
567
111
747
748
302
788
425
498
618
313
23
704
638
239
863
602
717
268
677
15
305
325
633
191
984
897
247
985
116
447
876
980
909
231
219
560
983
779
826
243
206
223
320
982
45
503
140
533
143
454
298
829
156
586
363
944
243
391
248
523
264
12
29
530
146
663
7
59
800
14
572
954
890
382
986
72
54
122
601
779
388
159
776
343
658
522
481
519
314
25
872
854
839
639
940
819
218
794
629
869
585
444
413
636
701
784
879
214
230
427
485
534
206
431
940
525
54
609
579
813
471
805
117
251
919
590
585
242
78
632
700
789
669
233
389
797
68
822
90
141
422
490
436
809
948
608
512
528
278
425
588
480
128
809
384
356
272
170
521
322
640
420
465
968
945
74
748
508
261
663
716
649
285
750
406
354
592
446
93
308
805
658
446
939
74
562
803
144
866
199
188
996
843
956
894
779
844
409
748
718
924
62
963
99
932
15
594
984
98
375
296
273
569
353
77
511
996
275
895
404
161
630
390
29
446
735
152
571
837
803
226
903
813
22
29
619
156
998
93
983
53
234
152
283
862
995
126
213
70
449
245
904
542
565
751
625
113
469
390
706
473
682
908
63
259
698
305
365
809
27
554
893
691
575
689
537
847
488
185
70
727
590
376
746
144
652
28
9
808
796
496
70
125
7
899
828
858
804
196
592
567
959
372
299
830
448
818
341
145
385
972
383
430
661
922
305
480
414
482
433
544
489
198
657
976
927
269
184
225
245
504
381
45
278
875
652
430
448
919
655
941
534
881
102
193
240
910
426
506
225
111
666
456
744
8
299
550
423
430
844
498
145
404
869
578
84
156
818
725
546
360
143
208
665
624
621
676
957
997
708
215
144
539
138
436
567
280
7
270
136
740
948
477
326
266
57
434
964
108
450
687
710
682
36
723
214
843
980
681
934
542
958
449
636
899
111
550
877
354
123
968
455
475
248
905
380
805
311
214
716
685
974
950
152
116
700
616
909
329
522
753
56
773
852
60
971
481
49
742
345
465
34
164
116
853
137
757
468
97
43
895
849
776
8
970
348
7
301
43
435
892
686
211
620
853
573
387
654
59
670
938
775
276
533
646
915
737
304
688
815
644
815
498
626
373
974
211
421
119
135
716
892
312
450
89
987
900
392
844
325
14
556
69
487
797
468
288
687
501
758
821
134
837
581
132
354
385
924
720
201
11
290
692
350
826
972
986
952
289
30
664
521
199
664
38
338
767
239
321
569
138
895
5
553
536
325
822
421
357
283
717
428
34
618
379
46
992
253
864
581
511
973
212
977
891
363
841
958
49
116
523
682
281
133
282
275
717
618
450
311
777
498
220
280
187
819
138
896
306
256
488
663
439
51
735
906
193
980
709
602
17
424
996
786
791
680
528
205
438
760
856
855
111
837
432
716
635
673
621
556
185
546
570
134
463
844
899
751
153
295
491
103
459
773
604
433
570
987
215
473
471
524
743
424
633
838
720
920
510
330
531
42
452
332
826
501
747
415
84
550
646
39
586
533
275
517
629
507
537
969
205
599
396
718
630
679
722
788
17
481
508
601
361
922
319
971
708
659
190
907
395
678
282
136
411
358
340
785
716
247
49
794
412
270
248
883
94
431
568
877
675
876
407
652
61
785
989
656
727
954
158
761
497
783
591
240
576
463
407
807
539
509
292
871
538
746
872
151
331
498
793
388
762
434
858
266
952
6
808
287
866
930
64
26
889
465
225
904
288
810
367
798
461
991
501
262
745
591
878
391
193
656
578
993
632
347
718
739
614
659
711
533
588
788
815
286
483
649
521
609
885
445
939
650
508
40
242
544
509
364
646
949
173
191
895
254
723
613
828
179
8
150
457
559
131
825
510
733
898
315
392
85
809
743
885
915
218
727
540
406
520
408
76
732
9
201
31
611
749
201
190
778
219
91
233
308
400
7
27
130
680
829
468
809
261
587
801
850
736
13
920
79
191
676
279
640
52
4
766
38
362
484
301
600
787
639
367
772
528
525
902
827
919
245
599
534
718
833
721
433
111
369
45
257
588
737
382
233
564
115
321
934
846
605
92
174
175
989
325
806
17
875
280
672
666
60
616
915
176
482
584
22
917
438
101
741
314
177
820
572
636
329
629
158
472
268
911
408
937
988
0
835
19
65
794
877
563
562
218
492
572
11
549
983
523
101
197
607
564
710
529
993
728
208
426
970
662
627
278
13
980
810
620
594
802
418
418
83
893
229
217
762
236
587
486
159
822
470
252
478
448
664
9
615
984
993
323
750
424
253
347
445
515
641
555
163
913
62
10
792
968
834
359
18
581
921
745
682
293
408
995
165
13
625
737
377
5
193
312
662
189
833
194
217
256
797
141
189
381
208
82
962
980
572
280
495
666
249
450
459
584
109
932
901
106
759
848
872
624
902
993
110
265
250
362
76
196
443
468
920
307
882
654
728
719
205
919
771
797
238
193
967
380
854
591
73
59
122
428
44
870
791
154
146
205
316
805
480
117
140
209
837
209
916
728
281
122
943
483
658
723
851
479
338
797
108
866
837
216
811
566
60
818
488
276
465
624
284
126
618
520
891
132
325
747
80
249
23
274
929
193
606
648
67
2
861
211
925
647
909
783
349
23
795
112
449
869
599
557
801
948
792
998
618
909
196
83
451
173
191
819
842
438
323
397
5
919
103
39
111
866
78
492
536
534
782
909
282
274
435
477
776
465
501
26
726
452
758
994
936
509
265
108
474
377
449
323
99
382
588
478
637
973
843
143
707
116
11
144
978
598
295
266
724
569
580
154
707
55
304
920
830
104
488
912
225
696
296
93
141
607
852
695
704
111
418
552
898
596
50
156
232
962
428
520
512
456
539
129
744
938
119
254
346
942
193
723
854
825
949
282
350
527
266
498
91
877
875
266
843
398
389
834
414
941
733
88
936
607
959
871
521
75
810
698
390
703
767
939
54
2
133
867
551
281
369
63
619
195
28
93
288
988
926
465
509
161
237
547
605
89
36
658
178
304
900
319
746
912
115
98
31
142
831
799
309
771
338
655
936
108
998
226
249
238
370
332
605
235
845
954
680
208
683
434
319
666
928
626
427
787
354
548
862
161
102
349
28
661
635
600
213
377
49
594
381
917
336
412
874
621
371
62
200
375
196
580
196
865
668
657
609
765
360
65
256
268
176
162
28
968
669
689
116
608
950
247
436
746
19
109
465
995
139
845
13
885
678
660
841
250
713
643
99
461
982
703
831
285
825
362
639
116
623
451
87
294
958
531
991
89
642
696
689
32
10
835
168
385
141
346
288
410
788
356
560
166
835
720
514
918
447
533
510
219
631
197
588
186
700
6
406
744
143
333
585
597
903
886
104
980
717
223
700
97
576
110
470
935
369
287
269
103
351
120
768
49
14
381
513
614
200
648
750
935
581
425
505
533
735
172
504
126
537
768
985
163
62
92
485
692
22
808
112
29
288
488
429
576
20
910
14
542
434
869
812
759
704
238
271
650
899
733
410
385
803
57
518
130
9
396
447
385
167
901
253
330
950
137
165
740
622
953
664
602
644
318
404
43
758
520
661
374
495
309
170
45
912
693
310
655
258
426
212
151
83
229
119
29
584
979
789
272
526
255
416
682
232
423
678
692
750
243
759
323
706
252
52
44
31
572
544
2
383
83
379
952
988
896
335
253
2
518
259
601
779
498
727
522
400
189
50
969
386
50
487
26
359
498
446
435
122
37
77
450
215
694
817
554
639
913
459
340
374
229
232
959
344
694
659
327
791
331
897
176
710
534
569
544
999
353
104
210
577
886
154
28
120
487
978
938
664
134
701
172
622
676
801
909
433
561
152
839
326
148
503
249
155
812
749
788
343
866
685
903
0
84
225
593
928
860
186
412
667
726
723
710
804
441
640
179
195
444
824
227
954
41
964
295
509
93
689
135
842
883
393
723
538
347
381
998
377
150
554
540
121
761
657
548
318
630
590
796
639
204
27
405
878
378
685
148
199
151
161
905
381
685
732
869
960
201
478
518
398
747
670
132
754
445
629
775
131
291
982
148
894
211
19
293
480
725
452
213
1
984
796
501
835
380
288
11
123
944
402
331
698
390
413
17
239
772
348
564
992
552
997
99
703
792
243
66
653
583
292
114
104
243
664
29
215
950
560
589
919
953
82
441
228
768
363
531
158
3
612
214
718
825
305
281
134
144
602
589
872
133
431
337
363
781
275
872
865
795
414
662
646
274
59
128
48
771
166
723
634
275
316
24
545
501
8
791
928
433
52
265
625
250
736
809
607
964
175
907
454
606
905
815
658
163
512
880
265
636
290
840
175
105
316
834
9
58
882
117
516
497
122
187
3
577
825
908
733
506
623
702
675
387
448
75
701
932
297
240
48
691
705
436
989
911
283
955
126
509
45
528
335
887
715
144
238
17
33
136
101
477
199
784
466
227
892
401
98
353
206
266
478
1
595
406
686
92
689
616
32
373
397
728
368
497
754
233
552
548
581
32
545
687
419
993
37
187
706
371
675
460
111
810
574
319
760
719
271
282
452
534
832
162
825
631
333
850
355
934
342
467
350
155
958
243
289
47
645
725
579
898
74
190
747
80
993
983
575
412
735
865
910
931
247
587
660
269
590
43
386
330
301
993
754
720
626
48
598
994
332
140
220
576
336
442
851
661
51
873
527
687
97
764
462
608
141
874
953
268
512
182
181
504
792
97
312
719
558
594
806
978
383
963
171
141
809
62
789
585
828
408
222
909
677
744
517
335
981
666
345
535
554
459
528
17
107
161
771
166
485
55
252
307
351
190
28
602
677
574
578
943
640
501
628
670
679
801
42
743
327
690
629
351
713
661
613
312
160
347
662
893
824
232
928
520
243
715
527
602
493
819
185
638
157
837
560
943
105
141
459
679
135
519
703
682
5
364
665
263
79
191
954
694
495
226
259
327
560
668
102
369
415
596
479
195
58
276
76
563
513
637
671
937
406
720
129
579
910
459
978
376
939
191
159
143
230
893
966
735
59
372
174
411
508
522
813
183
931
198
464
553
498
368
714
282
241
793
8
32
226
405
438
122
639
806
499
92
903
635
784
829
401
530
46
226
367
898
824
661
97
538
617
70
77
394
250
933
588
999
557
511
976
988
231
221
200
541
422
653
304
27
551
544
719
475
405
807
826
528
447
263
14
726
212
405
541
681
687
948
416
714
716
15
725
757
847
355
192
676
806
597
947
873
994
515
667
594
147
829
960
927
230
532
664
713
602
681
481
946
957
797
658
520
88
902
850
265
395
234
687
135
898
455
903
94
170
754
435
947
385
889
297
58
548
467
541
544
701
607
815
889
593
180
413
891
773
821
925
827
990
810
4
47
264
139
126
911
508
511
550
100
923
849
107
521
293
561
663
294
583
811
489
813
945
446
560
362
941
129
359
991
736
377
760
755
319
945
502
718
396
562
885
933
40
735
471
284
730
320
730
208
9
70
398
285
910
725
844
989
831
338
295
378
586
585
431
713
700
768
258
479
521
140
192
401
688
516
840
762
821
573
344
20
815
452
558
795
404
255
395
170
208
755
331
456
194
159
983
397
96
112
735
220
700
661
377
511
500
79
678
614
849
891
829
481
149
670
609
798
858
320
875
401
258
467
948
326
853
967
194
816
250
238
280
789
431
156
295
967
250
25
982
259
811
668
558
177
467
438
823
270
918
440
346
311
334
778
50
666
86
655
94
53
644
389
377
132
934
507
235
60
860
674
101
213
742
325
937
313
528
769
972
660
195
938
241
725
784
146
54
736
170
918
522
575
274
831
571
969
153
677
439
726
743
690
959
169
284
88
371
896
612
771
921
505
113
254
981
724
829
468
288
828
855
296
577
905
956
407
369
469
367
230
601
187
985
963
226
895
188
534
343
41
813
209
265
475
270
166
585
992
785
738
950
771
152
897
806
152
172
453
333
447
256
258
910
580
510
876
809
745
133
978
571
50
936
853
460
45
85
861
99
635
132
958
515
890
779
520
89
639
175
814
101
307
511
576
526
648
878
266
797
287
187
530
712
38
836
712
761
395
719
182
486
910
497
383
715
216
793
40
16
646
202
138
224
659
885
894
404
207
564
207
21
727
14
478
940
827
480
508
81
622
530
456
547
257
803
864
186
201
842
497
142
880
816
988
852
900
131
217
119
190
984
485
790
1
71
261
35
135
145
772
719
498
878
293
853
760
59
812
615
834
860
65
5
773
428
317
809
709
763
407
874
444
845
120
59
812
143
121
900
368
355
637
94
518
293
74
821
706
144
608
378
295
209
637
420
646
290
310
36
831
757
856
210
173
211
696
391
872
396
840
987
739
548
285
451
269
672
240
435
339
213
902
617
719
618
92
390
501
977
270
216
251
103
748
808
661
299
640
151
75
379
401
615
970
260
1
345
409
429
93
69
577
408
814
214
6
384
11
290
345
830
76
89
560
179
556
365
37
831
990
883
687
224
685
518
19
490
275
222
344
522
311
736
832
678
817
347
682
899
946
48
652
599
998
352
794
461
94
748
883
655
564
384
679
95
48
351
65
57
180
242
387
617
434
436
832
908
382
187
966
845
497
404
667
36
968
909
603
622
681
925
540
77
451
989
177
805
709
416
69
884
501
737
600
896
719
507
607
665
2
192
239
567
58
902
93
30
162
149
6
316
438
89
656
48
718
436
131
139
771
959
261
762
740
791
642
254
722
684
820
14
552
328
604
12
374
363
284
266
603
940
593
189
540
395
719
189
271
137
689
325
642
668
263
584
673
676
329
300
470
893
604
16
346
509
767
631
847
61
869
152
545
280
520
952
316
349
976
337
769
603
599
660
311
787
450
798
986
728
592
922
688
789
348
346
766
323
410
120
30
19
278
146
592
421
657
525
253
516
552
15
393
830
1
483
495
457
670
531
298
228
139
157
917
271
402
218
19
558
68
315
101
310
715
632
634
469
611
855
814
642
687
475
20
3
200
463
921
287
744
18
87
80
493
290
409
780
711
496
568
724
684
260
151
234
652
136
311
747
113
118
836
518
226
996
954
809
477
338
723
101
686
847
776
909
322
491
111
247
591
998
881
72
878
609
635
314
382
100
470
362
655
330
184
767
269
694
922
976
991
179
440
5
503
111
715
630
686
36
708
92
312
874
505
454
730
323
708
114
863
466
558
240
81
938
586
820
606
313
40
290
630
494
799
622
874
640
120
499
177
414
896
237
18
448
94
643
794
326
56
979
793
840
47
346
494
742
626
525
571
818
386
28
400
984
897
962
752
544
761
220
457
200
523
285
266
557
321
865
451
170
617
102
464
826
798
171
902
865
318
789
75
13
939
604
884
652
939
239
135
240
996
1
762
170
435
903
422
866
689
63
186
89
927
288
756
902
59
163
9
27
275
396
121
784
652
447
423
205
55
943
552
69
258
464
997
845
224
253
323
569
590
562
116
973
525
617
498
546
960
313
24
511
524
570
969
939
483
449
813
975
74
574
621
865
100
936
449
222
743
298
624
795
136
596
212
881
925
923
427
311
881
579
414
7
458
238
918
719
288
996
752
158
74
118
478
248
880
860
197
154
611
401
888
664
732
506
652
638
654
610
795
995
174
794
341
563
745
599
144
61
588
353
458
735
230
1
971
981
213
321
295
212
770
666
227
66
293
323
863
300
281
133
237
50
100
230
368
301
458
807
870
29
741
788
107
94
617
264
213
582
33
5
627
920
582
510
930
665
989
158
870
272
872
280
37
202
400
927
132
734
231
50
365
632
863
610
448
416
196
737
875
433
718
41
213
398
489
341
551
415
562
356
744
297
793
947
67
35
544
874
179
970
536
9
473
504
25
339
693
41
518
771
949
246
603
673
696
882
154
624
161
927
921
365
53
73
559
373
30
618
294
127
492
254
784
996
137
967
826
369
891
445
867
935
434
120
513
58
569
311
905
913
623
213
281
325
145
221
193
582
277
343
273
777
717
266
981
294
225
725
489
355
382
613
194
6
613
304
459
78
362
609
161
456
183
864
176
508
558
940
692
482
770
200
915
750
880
38
325
219
780
461
745
959
139
553
832
369
130
373
692
812
399
280
843
550
747
199
739
793
581
938
130
163
715
379
888
871
730
367
222
35
495
280
454
671
962
383
989
650
481
516
927
571
761
695
525
925
748
590
169
240
287
819
955
565
988
818
925
84
862
992
679
105
701
799
734
888
922
585
177
41
914
514
190
47
790
80
845
866
465
936
973
997
104
102
446
752
56
376
235
750
927
346
272
846
178
507
729
146
505
800
581
364
369
854
770
124
10
63
530
102
714
202
340
695
179
127
405
806
477
357
418
844
668
623
899
78
797
958
140
39
7
789
692
535
43
754
280
19
779
381
10
396
500
459
979
262
439
383
772
399
221
871
720
856
40
920
420
901
335
615
223
675
312
427
110
169
201
714
829
579
867
881
267
351
753
305
520
736
90
394
41
981
683
38
53
549
81
344
320
524
328
936
847
756
547
11
846
39
190
179
923
869
702
679
64
131
884
820
31
681
492
34
214
477
693
696
907
878
513
671
713
702
658
408
359
9
570
51
923
192
491
13
384
72
825
759
944
261
203
551
421
239
2
384
709
197
288
483
474
293
869
110
990
148
824
921
134
266
14
329
942
740
898
575
981
502
84
237
622
809
221
635
326
230
786
468
555
116
55
203
199
669
941
154
870
323
870
639
340
805
623
602
385
624
797
196
985
854
480
63
634
904
598
401
466
73
300
770
137
755
772
460
23
640
833
806
49
545
983
939
294
575
814
876
505
495
232
237
181
146
539
724
607
246
415
690
747
940
323
168
111
180
19
375
542
882
359
942
784
753
98
162
95
349
429
383
456
230
641
176
65
894
770
366
704
742
642
329
664
505
392
945
561
874
214
396
131
746
408
88
41
520
618
655
587
774
233
436
672
412
768
49
994
713
576
994
316
192
812
236
807
5
840
78
28
479
599
861
485
199
759
86
37
0
500
36
331
219
734
725
808
31
151
235
632
407
494
113
333
2
676
316
54
664
686
992
176
684
635
879
251
434
854
74
130
303
471
845
605
607
951
214
397
497
733
805
628
713
832
460
912
931
685
709
768
872
752
850
393
162
220
528
683
316
546
382
775
450
323
99
348
273
789
390
380
97
427
442
427
685
491
385
425
986
476
318
980
31
591
996
581
554
541
648
902
995
538
571
302
107
738
594
2
39
807
156
946
913
317
45
799
970
31
528
629
106
488
755
361
966
349
500
50
447
774
544
540
863
54
274
817
328
912
401
617
607
153
217
278
812
245
184
320
970
544
762
765
176
955
232
919
476
582
86
741
987
957
631
420
703
803
568
760
407
269
97
692
705
614
18
944
637
172
583
640
456
116
323
479
815
942
285
366
576
913
796
781
675
946
290
588
184
913
651
25
140
292
619
906
836
111
232
670
662
541
422
352
393
407
126
39
290
54
400
363
71
84
600
201
364
785
761
246
918
934
475
700
233
363
672
78
15
633
105
238
244
710
668
642
281
17
952
713
381
7
315
148
733
260
113
576
472
188
272
637
342
52
460
707
158
384
134
780
338
588
755
476
356
2
534
558
304
159
153
472
936
497
963
962
0
481
576
426
880
561
141
682
553
517
330
893
527
538
568
265
614
366
801
682
313
649
411
57
282
514
603
116
432
891
395
632
495
890
373
789
817
607
956
970
625
300
462
254
145
902
434
771
802
63
203
909
147
590
459
756
470
906
736
138
767
795
730
128
550
486
663
36
526
195
809
426
887
105
24
640
90
664
954
524
418
959
708
535
189
51
995
778
386
710
927
98
140
461
917
190
588
304
919
37
31
119
966
515
421
140
679
633
369
389
255
599
974
281
296
709
795
891
179
505
728
180
486
501
43
147
984
612
449
195
544
181
527
915
170
396
365
97
367
418
308
363
832
918
878
264
352
326
478
829
387
628
558
856
885
289
407
470
16
246
468
778
908
737
635
93
143
942
893
32
778
67
412
852
939
38
343
617
21
80
485
620
673
333
219
998
969
192
553
802
230
878
119
47
514
236
754
838
541
747
594
378
390
422
313
147
6
715
11
537
344
600
711
212
888
83
789
423
133
335
119
841
845
371
257
180
427
600
175
953
473
723
131
493
502
696
480
657
525
515
292
27
353
883
455
557
892
605
22
48
725
837
924
301
66
983
861
21
955
89
847
672
53
245
574
634
828
812
507
340
395
266
702
875
388
45
638
728
479
282
569
11
60
715
540
312
366
276
355
169
969
651
318
744
422
746
10
42
998
159
743
153
852
500
980
805
286
499
543
620
397
419
384
716
303
862
454
399
478
688
673
381
432
340
278
875
658
71
863
786
574
661
704
181
636
180
210
101
243
165
850
506
438
449
731
544
496
689
83
779
639
977
791
430
177
54
800
610
999
35
552
735
75
667
697
74
733
935
846
492
639
134
94
75
664
377
439
197
653
806
44
612
212
288
498
146
343
795
406
382
427
69
549
164
80
821
835
434
678
560
789
165
756
162
995
110
748
987
746
639
41
565
775
0
165
934
792
151
111
563
386
694
958
649
890
175
596
646
292
633
364
14
468
148
514
739
28
764
463
35
56
587
42
445
538
739
594
135
672
454
401
680
594
952
877
402
184
309
961
414
767
601
172
372
104
553
657
966
126
232
60
543
958
765
441
427
363
737
731
270
820
427
841
479
717
621
382
240
304
184
355
555
297
821
302
289
208
846
784
27
192
999
419
415
119
182
699
666
615
1
252
536
716
898
393
830
951
80
126
310
29
66
945
688
141
376
662
138
83
86
100
343
100
889
964
895
373
341
101
883
967
552
25
2
845
632
513
949
686
668
824
662
562
650
729
456
581
64
656
329
961
842
460
858
475
111
929
909
780
587
659
223
956
890
331
287
212
454
537
467
589
615
867
943
272
783
58
308
500
664
337
849
977
108
167
99
919
158
423
584
87
351
201
689
970
789
295
875
90
688
58
474
284
272
626
163
313
531
680
246
131
201
501
742
458
41
269
908
829
271
735
91
45
589
299
614
883
247
697
269
458
962
484
934
816
213
148
273
331
66
494
747
751
722
452
398
14
90
230
294
149
53
300
272
766
340
518
440
896
997
964
525
23
15
460
915
667
985
328
5
356
511
72
939
331
741
644
713
362
58
931
914
429
47
750
510
904
145
423
932
971
829
788
347
325
876
565
115
624
384
828
714
861
386
480
534
380
618
479
840
356
336
556
203
228
398
414
418
235
133
569
738
176
906
583
952
309
384
325
701
54
265
686
770
852
663
888
282
974
451
128
623
32
534
851
720
141
866
56
343
486
624
172
697
486
23
789
810
45
270
804
711
162
101
72
648
5
596
869
783
365
863
795
409
526
893
477
164
717
676
648
514
662
720
343
854
361
883
298
484
360
481
475
590
119
970
29
206
573
220
845
617
132
472
969
224
204
591
655
50
646
805
286
797
849
283
527
392
938
565
29
130
269
888
733
503
65
840
656
902
584
77
418
920
537
841
1
397
909
808
413
303
522
286
384
187
832
437
200
723
926
570
827
405
642
81
357
752
362
783
373
918
534
158
885
493
62
604
890
471
544
404
601
168
762
108
692
956
38
771
519
907
946
278
166
493
523
105
570
938
62
492
560
934
851
67
210
747
610
907
856
39
892
929
248
577
67
89
593
85
927
23
720
62
545
778
382
660
602
77
998
639
912
150
874
690
889
214
714
394
283
418
869
439
978
599
234
340
949
704
644
501
839
398
710
825
985
559
604
454
238
289
98
793
167
945
249
145
185
168
795
807
45
473
586
748
46
592
591
418
468
645
263
687
961
829
92
271
471
269
523
382
684
575
31
877
91
609
626
157
749
416
997
513
835
626
71
759
800
6
259
924
957
723
424
776
243
166
776
159
504
187
299
184
764
908
282
609
202
150
130
333
190
865
984
177
387
824
568
827
558
260
161
550
396
987
241
344
920
647
673
408
488
852
631
699
616
197
194
730
775
410
473
362
957
881
411
854
142
973
918
582
624
854
640
451
646
579
525
21
765
931
859
959
204
1
297
958
845
692
749
231
649
68
694
62
109
245
324
365
335
500
597
354
833
428
954
751
113
108
256
541
611
584
925
276
609
564
30
510
244
603
661
979
698
579
579
877
607
572
533
749
907
285
484
143
194
566
643
664
733
916
651
998
148
202
643
1
516
356
861
81
741
425
84
421
235
474
620
1
464
96
606
276
633
749
688
79
522
514
599
292
511
67
960
987
388
941
586
813
498
697
902
287
3
306
413
527
743
823
974
224
968
230
825
765
680
161
960
694
620
145
715
664
784
739
81
444
927
827
435
436
719
360
91
698
520
216
3
588
833
964
5
890
30
524
564
552
70
653
857
843
103
978
4
371
669
30
222
668
499
769
99
668
982
757
326
225
587
867
203
942
105
150
430
879
621
824
832
228
967
274
626
633
556
889
734
964
813
428
138
531
801
811
482
827
386
784
418
410
602
152
105
789
833
122
390
611
957
844
751
834
783
451
305
378
151
65
697
14
400
405
8
198
926
972
12
849
732
245
656
821
831
863
879
551
259
978
766
574
163
342
120
731
236
507
69
593
40
344
573
977
349
889
112
558
269
271
720
387
473
878
375
200
296
321
406
217
68
315
837
96
401
274
97
759
380
906
134
618
999
551
867
424
636
555
238
6
43
422
482
782
612
231
223
373
155
753
426
408
9
299
206
178
984
823
516
702
525
838
705
205
893
505
468
768
796
966
312
165
157
728
316
348
271
360
487
968
73
104
484
159
207
943
767
72
630
229
497
296
657
673
80
366
991
993
519
487
287
870
180
135
317
589
465
880
24
70
27
653
232
328
58
888
612
366
389
452
273
430
21
442
710
477
8
912
673
715
343
541
544
475
423
604
192
782
814
129
2
914
24
230
820
259
891
66
323
127
942
959
344
60
792
941
82
819
31
46
328
175
147
23
588
938
660
287
610
135
910
37
24
433
33
474
439
566
868
63
141
15
296
38
792
910
26
172
541
701
316
204
383
433
129
378
55
308
671
334
955
152
86
606
971
315
230
818
897
976
400
267
122
754
344
27
976
334
336
235
652
690
322
980
799
23
461
513
278
528
975
649
71
339
168
920
442
553
30
355
282
287
225
154
277
361
927
108
715
10
817
375
668
812
149
291
901
1
763
235
39
999
207
232
978
825
633
963
124
385
3
113
845
802
975
810
364
961
392
480
786
4
682
517
310
773
286
340
35
570
461
369
613
662
957
556
16
791
756
180
515
128
274
255
547
333
150
711
764
329
220
540
913
728
737
42
341
887
816
868
341
617
898
186
930
682
450
722
300
445
656
825
678
330
658
410
829
20
557
794
295
194
965
133
340
901
861
446
353
79
101
362
963
742
892
421
404
276
281
346
885
135
687
119
280
813
798
438
859
810
631
551
683
481
944
516
382
617
778
591
616
264
217
298
197
452
512
185
770
188
812
1
597
299
844
50
911
660
479
151
53
289
630
464
710
974
265
463
259
398
262
646
565
438
22
757
3
264
321
147
300
435
178
351
461
697
238
207
491
59
577
40
875
627
680
259
731
265
568
798
945
775
930
796
252
747
545
86
597
957
608
988
358
525
689
442
773
923
123
128
577
427
522
848
586
344
243
632
1
295
611
190
765
727
407
984
388
329
340
766
989
719
366
559
398
434
938
573
466
390
780
443
754
139
648
72
172
234
948
823
479
394
234
134
613
285
714
200
791
389
250
406
673
818
59
53
915
528
642
889
111
136
723
71
766
576
353
357
8
311
947
79
837
885
222
499
632
280
18
168
857
890
93
979
331
444
802
596
918
73
714
141
894
107
890
126
319
587
744
633
573
883
733
268
526
904
551
524
162
795
623
488
268
209
14
0
364
441
906
397
469
568
285
534
642
549
69
73
323
453
973
508
764
487
517
256
945
813
164
373
250
72
396
365
620
455
902
882
732
649
561
759
283
218
707
591
642
918
994
500
933
923
48
746
834
802
97
648
957
443
340
314
745
551
642
358
193
250
233
822
57
322
877
494
785
595
942
255
111
224
906
856
28
467
327
510
837
606
751
554
476
80
156
739
712
362
993
548
997
752
86
187
875
94
519
861
513
942
319
489
255
818
454
24
814
916
728
355
376
744
260
116
997
878
375
115
823
250
337
502
466
107
752
956
274
892
343
845
969
506
462
919
591
986
827
591
472
445
628
740
266
767
143
509
774
657
102
484
784
870
114
376
169
483
3
391
699
988
30
23
270
584
912
706
486
251
334
615
99
157
768
854
699
674
729
161
351
828
389
325
175
637
459
192
718
96
991
313
158
980
666
366
28
664
248
221
750
770
934
367
537
135
977
875
436
992
980
308
637
505
524
805
984
616
486
904
896
898
828
318
762
432
718
629
589
101
244
629
658
26
591
222
699
758
99
752
252
242
827
928
775
430
966
544
919
113
170
875
958
850
454
383
403
369
521
354
297
345
915
591
275
795
225
733
158
231
494
677
386
945
712
625
650
32
980
444
427
581
134
366
640
236
935
23
546
530
196
649
834
487
367
339
434
31
152
395
557
817
911
63
634
290
180
868
104
947
331
304
217
493
192
40
495
928
362
74
403
674
442
104
754
217
51
478
371
17
403
631
90
476
551
359
405
587
949
859
135
511
154
529
920
427
15
735
750
298
640
765
774
868
847
20
205
476
106
796
635
497
658
849
302
371
693
879
453
867
677
719
56
823
300
801
227
345
832
719
797
630
175
162
640
705
138
561
637
444
641
974
614
564
688
725
5
747
743
377
344
118
19
549
113
612
780
362
877
293
380
71
841
323
996
877
296
377
174
253
422
687
357
64
479
483
127
556
979
680
922
213
930
198
927
702
84
883
723
65
941
104
768
596
152
794
604
563
716
228
500
138
537
600
440
701
236
377
695
372
291
803
165
482
313
545
119
631
405
903
325
80
353
580
916
925
665
683
763
910
849
792
721
545
438
721
809
537
66
896
751
801
542
350
981
252
339
591
698
762
40
188
922
860
401
541
544
954
771
354
504
169
599
5
576
105
520
11
964
629
999
39
463
936
193
602
241
696
800
503
771
737
327
170
770
331
523
755
368
415
977
811
214
495
336
166
762
475
657
657
694
756
25
327
275
239
656
39
580
979
76
304
517
596
399
413
824
288
155
226
620
65
557
293
929
646
949
650
264
819
734
547
506
618
195
433
810
23
407
965
824
652
143
195
885
414
483
372
862
187
335
236
987
670
130
604
133
711
120
823
541
323
366
573
775
854
785
860
922
757
815
858
816
534
338
625
102
707
770
935
209
436
766
49
306
985
360
972
510
427
759
396
634
974
656
991
78
541
792
585
519
516
130
110
76
126
54
984
862
42
895
469
878
799
583
897
114
308
285
257
6
442
116
629
656
25
164
87
281
401
650
133
380
323
175
32
709
234
631
305
664
247
454
568
942
835
311
41
544
439
498
234
133
195
653
424
69
902
597
139
744
663
990
437
817
94
428
887
997
563
885
667
86
903
345
268
996
748
560
86
559
76
836
900
802
666
472
458
438
987
829
480
516
4
709
158
646
427
116
686
879
330
968
295
87
425
741
157
707
442
450
26
898
829
169
101
637
649
943
648
401
795
460
618
538
507
529
787
145
479
513
250
581
438
598
82
300
220
115
712
112
91
798
129
125
794
898
809
876
994
683
244
410
656
804
503
370
191
91
698
918
225
782
922
507
372
767
297
112
427
14
370
872
809
145
89
663
221
436
810
575
60
764
415
782
427
828
430
638
196
599
683
692
677
161
765
766
21
421
597
864
151
267
891
378
266
367
612
416
246
773
223
270
220
734
170
789
491
122
119
551
796
911
428
278
469
44
204
718
946
279
630
263
337
372
973
897
251
91
840
257
331
793
880
851
383
824
816
227
671
456
140
726
585
319
590
854
109
700
858
21
825
393
558
558
794
535
26
48
83
953
761
426
94
677
852
588
114
181
761
247
46
22
871
968
979
752
850
23
496
819
155
277
226
17
853
54
992
678
833
425
652
599
641
365
51
18
594
651
346
244
416
913
534
466
734
412
255
600
239
799
964
279
776
607
126
352
116
268
137
961
693
111
902
429
858
482
908
810
811
953
443
893
436
875
265
711
183
873
897
375
885
103
882
440
614
464
473
996
154
324
954
557
713
520
933
152
589
443
588
791
651
712
808
755
866
146
121
523
718
607
35
678
332
840
205
527
286
105
86
59
45
944
982
622
89
582
30
787
443
342
165
934
838
810
638
256
971
201
177
59
627
510
51
423
936
772
656
430
988
328
15
981
327
382
954
554
500
712
968
54
815
416
327
114
924
439
2
803
253
745
520
518
266
359
765
695
94
497
159
97
670
982
251
20
820
589
969
290
676
941
473
319
16
322
921
212
444
886
465
308
179
967
958
574
474
332
698
44
215
909
536
58
24
622
964
369
152
330
832
992
436
61
286
695
990
411
205
43
363
630
806
991
373
379
554
619
824
332
372
902
918
644
251
771
131
235
687
390
440
910
878
2
589
74
301
666
656
687
416
863
719
713
58
305
27
177
456
972
172
818
598
397
498
716
138
207
145
569
147
867
331
837
583
906
143
20
124
307
548
716
309
566
412
207
778
834
186
642
618
804
845
969
888
354
80
902
453
317
742
491
935
117
732
398
831
261
633
117
19
375
150
259
294
297
970
9
983
904
823
950
917
131
103
181
125
443
248
97
423
420
839
419
385
552
891
516
770
173
346
563
282
867
225
982
402
357
886
205
151
172
97
797
778
586
124
816
591
176
214
361
299
302
821
463
912
339
823
598
314
805
414
810
315
6
168
908
413
9
353
115
765
95
984
233
327
416
776
347
284
340
708
985
402
40
860
295
52
6
643
16
846
374
851
764
55
239
330
632
668
315
336
9
310
156
411
743
142
106
332
368
627
929
290
335
37
365
994
748
917
819
889
446
688
11
211
570
113
352
734
16
152
857
100
423
884
290
530
678
796
421
47
63
615
33
125
370
887
747
71
970
718
344
802
85
397
254
79
950
349
162
828
928
82
989
42
942
299
676
684
804
594
15
937
853
234
533
662
999
886
865
385
551
436
106
467
266
196
233
63
851
949
960
791
682
937
213
788
639
946
857
572
952
179
622
664
139
643
657
781
543
818
708
470
480
111
782
272
147
564
427
774
641
941
739
744
782
741
663
489
303
770
830
205
768
406
780
240
767
487
387
274
16
655
83
254
862
46
47
908
336
944
34
818
523
624
942
557
922
628
178
856
102
746
589
159
744
625
109
96
735
464
477
676
241
343
635
586
806
995
787
428
941
599
731
855
384
999
323
570
170
712
267
714
823
253
307
44
465
830
732
820
410
227
935
953
670
889
752
814
295
132
694
907
161
988
530
831
463
974
524
836
265
15
198
366
859
125
526
93
199
444
933
464
322
897
434
777
21
858
155
33
313
568
367
127
353
255
617
866
583
825
654
121
381
811
227
874
946
365
206
285
979
811
607
56
196
991
592
576
969
453
659
403
557
898
332
370
938
886
303
283
951
158
444
348
44
5
937
692
349
351
916
159
33
935
432
330
323
491
619
456
356
431
561
880
355
671
887
954
318
239
244
378
876
30
678
822
845
872
673
270
593
440
909
279
688
692
583
182
701
34
949
408
473
265
959
453
745
39
274
93
895
746
449
33
601
321
150
812
117
646
221
223
766
760
838
504
275
596
687
829
641
775
104
728
609
428
43
719
827
1
145
106
772
57
998
348
115
866
23
964
697
715
26
835
820
215
869
127
964
59
242
379
587
682
913
538
379
475
369
262
741
657
799
125
850
447
315
883
860
641
783
310
698
987
658
27
400
698
397
365
273
907
443
387
324
605
317
74
139
984
86
525
161
767
915
500
562
994
36
561
970
634
723
125
9
498
595
64
413
154
390
672
830
130
205
634
893
943
865
597
289
638
665
117
838
235
689
713
228
649
444
571
115
896
574
171
323
996
84
702
203
890
973
312
2
920
44
444
945
533
637
256
741
760
352
853
523
403
547
647
621
302
206
603
275
23
185
903
375
910
14
977
456
780
419
886
235
837
978
695
151
770
668
649
900
328
610
359
563
272
178
975
714
689
52
904
853
31
392
886
462
926
162
944
276
594
406
519
774
675
713
756
672
198
744
235
155
767
268
211
740
382
85
445
727
942
552
470
740
278
848
412
895
617
695
899
650
975
500
821
855
123
131
187
876
311
586
377
744
999
54
325
131
549
571
952
294
783
512
422
625
184
251
871
400
110
21
653
875
135
668
889
848
592
324
472
939
398
963
876
702
224
252
852
594
2
706
349
422
232
64
839
397
490
387
161
925
463
674
399
506
790
781
811
588
196
233
608
493
493
28
663
131
509
953
165
888
743
149
517
337
780
634
848
628
479
785
473
973
813
688
571
734
190
20
833
948
805
491
495
190
631
70
659
42
931
847
467
878
281
19
108
909
333
172
569
891
634
631
453
111
899
977
797
609
920
467
834
59
470
644
633
607
202
754
777
839
367
942
386
708
392
239
279
911
10
963
724
202
858
389
147
864
858
671
806
574
546
194
473
886
543
169
305
942
482
905
849
911
974
576
421
873
7
624
48
344
893
621
303
160
321
174
616
28
339
917
393
484
932
757
227
552
159
158
506
64
503
701
999
297
417
58
237
354
190
815
117
286
559
262
629
93
208
396
786
640
885
39
534
25
710
940
572
139
487
800
918
232
228
733
807
60
774
869
819
501
276
803
259
762
90
4
413
159
895
626
915
227
616
393
700
480
242
437
703
998
184
255
61
978
542
566
69
465
94
444
729
437
389
612
766
435
307
20
147
71
28
83
51
951
571
205
531
166
934
561
158
522
608
922
259
33
755
711
486
489
890
874
774
892
856
111
342
221
759
798
333
995
694
553
770
154
515
892
534
648
480
784
932
421
496
906
580
326
60
526
613
238
64
199
994
27
327
859
261
599
790
639
558
484
47
286
378
977
109
103
603
40
394
51
804
652
834
81
811
500
705
461
878
805
831
8
371
348
85
843
288
845
705
491
888
159
475
665
814
845
522
255
532
107
309
450
533
891
12
440
214
647
734
811
37
159
978
969
441
424
491
267
262
604
889
376
850
364
549
865
626
247
446
509
115
854
10
866
398
433
893
250
897
665
241
931
36
549
417
720
393
551
935
770
936
356
77
15
74
252
475
339
978
451
451
266
948
684
907
635
197
931
743
696
6
337
252
335
486
48
500
210
239
177
685
912
368
759
414
541
383
589
414
548
827
409
442
396
511
860
438
879
735
840
432
981
0
551
694
996
186
808
974
321
566
704
207
387
880
755
379
143
451
202
413
355
808
60
598
52
923
457
208
780
770
341
399
173
820
231
391
418
312
551
491
911
725
212
603
712
120
649
669
286
30
48
260
747
689
712
100
679
307
639
67
95
23
615
978
608
4
542
457
207
148
412
966
195
351
298
772
66
599
789
858
356
65
432
291
835
140
563
856
905
850
890
560
925
952
281
606
935
630
154
430
400
683
223
21
579
493
748
119
47
594
844
432
548
845
356
600
854
493
550
274
100
937
189
337
804
921
751
574
334
677
668
897
506
585
843
808
917
638
435
464
782
880
536
988
396
195
438
449
464
319
869
984
869
600
355
462
137
733
262
560
779
313
224
268
141
995
671
355
958
434
394
918
69
323
92
238
79
318
877
695
958
64
450
260
5
189
573
225
877
883
397
282
735
378
358
137
68
424
473
390
772
916
131
419
838
970
524
446
690
811
525
712
303
829
154
43
311
227
769
523
559
337
331
24
780
653
450
445
720
37
445
866
560
190
575
374
787
132
611
865
273
540
433
688
262
213
892
963
510
276
243
946
889
578
812
189
976
666
662
866
466
244
884
536
141
96
727
561
182
410
259
836
81
904
957
976
997
413
549
334
130
431
684
192
345
115
46
678
912
251
70
569
512
108
575
293
640
794
178
566
104
100
525
443
743
24
665
800
769
238
435
958
659
25
163
488
618
943
524
848
391
258
367
466
254
891
880
36
945
13
626
42
885
71
469
706
486
375
31
100
566
105
448
194
688
289
331
126
907
451
760
744
440
892
229
304
858
840
678
918
264
6
340
187
198
241
803
459
996
373
10
651
646
820
671
614
617
158
188
407
637
965
910
479
845
15
796
95
974
513
901
231
360
772
46
212
591
541
22
400
367
852
678
906
580
48
462
229
268
280
579
70
995
38
168
298
123
777
79
749
715
704
692
715
94
864
230
97
45
580
288
246
570
729
718
956
855
741
35
225
611
640
605
308
963
514
713
925
998
929
867
861
793
14
501
705
913
564
118
433
280
417
898
977
224
355
235
52
623
541
632
981
26
805
728
50
483
686
568
446
633
239
920
562
214
579
795
86
820
334
536
772
186
496
20
53
946
192
518
24
48
144
908
551
967
550
179
929
544
856
313
174
567
543
224
37
98
371
612
51
7
899
480
281
686
919
964
287
580
741
44
633
595
364
990
631
714
487
766
636
860
2
978
994
921
786
82
956
362
471
857
500
284
164
87
97
202
838
943
25
930
959
788
342
490
703
117
635
513
339
195
122
175
998
878
41
986
9
836
813
869
277
428
117
45
970
143
111
331
798
33
951
194
509
173
461
272
65
767
594
779
570
12
38
407
384
150
885
771
345
262
852
135
507
311
793
459
894
35
543
638
935
79
795
956
435
299
627
108
486
798
535
15
755
330
705
341
218
331
466
649
286
215
345
259
750
487
582
160
605
855
7
741
692
623
778
858
957
648
830
806
444
243
951
619
555
485
931
481
6
781
74
376
520
50
364
40
239
981
950
14
743
747
974
333
73
543
839
850
455
20
106
371
325
748
253
991
408
971
458
171
515
239
282
254
221
122
744
389
834
795
958
598
968
259
972
711
911
983
66
892
38
918
816
33
446
508
555
362
764
244
571
824
742
370
286
693
109
288
131
148
602
366
536
724
525
937
352
238
534
751
943
887
283
843
422
891
83
676
521
208
314
817
895
11
81
907
942
592
716
310
373
312
249
53
474
889
913
600
436
207
86
577
218
477
347
668
230
969
359
234
666
590
282
710
118
337
359
48
714
993
842
779
588
605
137
294
219
124
999
409
694
702
304
22
79
848
769
91
299
765
67
292
694
644
107
908
364
501
923
697
528
879
531
712
653
355
335
423
165
696
459
698
464
282
158
482
616
271
35
522
707
995
236
444
613
58
102
689
187
60
591
753
712
252
253
312
921
313
647
565
215
886
628
203
868
269
352
933
550
44
271
970
563
424
91
415
60
50
708
673
954
973
601
560
589
236
917
603
20
274
693
301
647
324
879
37
116
748
409
144
375
187
576
172
483
982
535
796
701
829
548
101
987
424
585
144
869
289
694
368
775
178
468
317
351
459
882
834
653
68
933
274
137
134
209
817
746
67
50
710
328
631
456
125
928
259
443
929
661
961
78
424
733
324
666
468
310
587
205
815
516
640
888
290
298
531
435
96
668
153
196
526
966
804
43
666
563
308
914
109
117
712
882
576
783
433
33
130
579
17
853
139
787
242
260
418
213
465
515
887
583
476
677
789
613
950
377
882
731
233
641
220
49
494
834
985
96
81
651
164
872
953
645
611
634
685
541
850
780
543
583
634
696
499
367
402
6
107
708
47
991
866
949
585
804
952
7
956
348
66
753
773
287
92
427
472
504
308
735
940
696
787
267
602
113
207
880
705
362
665
560
129
490
391
399
38
215
527
547
718
432
72
533
12
622
915
133
804
27
11
660
413
745
912
890
856
158
520
898
214
446
536
131
315
935
452
724
586
241
890
803
954
83
613
526
318
462
319
526
435
81
910
953
974
381
737
534
787
424
86
8
83
606
142
943
852
657
437
910
712
509
12
105
946
933
441
55
878
577
796
882
892
136
891
141
867
530
322
755
251
880
603
895
415
543
345
307
945
850
346
396
213
818
539
191
831
504
404
327
585
959
257
49
748
851
774
797
61
537
855
823
154
916
250
341
652
1
379
